3.072516703786188907e-01
2.725432835820876809e-01
2.956378555798687136e-01
3.072516703786188907e-01
3.884700193423603620e-01
4.406385927505322431e-01
4.733337169159948510e-01
5.076010638297882016e-01
3.677486631016044782e-01
5.076010638297882016e-01
5.076010638297882016e-01
2.757793427230049721e-01
2.553551980198024429e-01
3.072516703786188907e-01
4.406385927505322431e-01
5.343768844221115089e-01
6.566314655172414971e-01
8.656588103254780897e-01
6.950916666666672183e-01
8.518783783783783203e-01
9.178110859728528803e-01
9.178110859728528803e-01
9.385194805194809753e-01
9.466605744125340394e-01
9.178110859728528803e-01
7.107062937062935681e-01
8.518783783783783203e-01
6.518089430894300484e-01
5.091663003663021714e-01
3.976170212765968159e-01
3.072516703786188907e-01
4.406385927505322431e-01
3.884700193423603620e-01
5.284980574980527868e-01
6.950916666666672183e-01
6.163980099502488486e-01
7.107062937062935681e-01
6.163980099502488486e-01
7.667454545454541748e-01
6.566314655172414971e-01
6.956826923076916414e-01
8.656588103254780897e-01
8.656588103254780897e-01
6.518089430894300484e-01
5.081511811023667891e-01
3.727190721649486504e-01
4.406385927505322431e-01
6.563702479338855422e-01
8.549695817490500227e-01
8.758117647058745181e-01
8.758117647058745181e-01
9.178110859728528803e-01
8.518783783783783203e-01
8.656588103254780897e-01
5.639622641509433043e-01
5.166944937833055640e-01
5.231664482306682684e-01
4.406385927505322431e-01
5.091663003663021714e-01
5.231664482306682684e-01
5.360070422535238022e-01
5.091663003663021714e-01
4.733337169159948510e-01
3.976170212765968159e-01
3.727190721649486504e-01
3.393416149068331222e-01
4.406385927505322431e-01
3.976170212765968159e-01
3.884700193423603620e-01
-1.012936170212766634e-01
5.091663003663021714e-01
5.218803278688521896e-01
5.218803278688521896e-01
4.733337169159948510e-01
8.518783783783783203e-01
5.633503054989810188e-01
5.231664482306682684e-01
6.566314655172414971e-01
8.337529644268796281e-01
8.337529644268796281e-01
9.321914600550997854e-01
1.065747826086957062e+00
1.065747826086957062e+00
8.337529644268796281e-01
9.178110859728528803e-01
9.220468750000001545e-01
9.471137254901957903e-01
9.471137254901957903e-01
9.321914600550997854e-01
9.321914600550997854e-01
9.178110859728528803e-01
9.471137254901957903e-01
9.321914600550997854e-01
1.058028657616892243e+00
8.199082125603894822e-01
6.563702479338855422e-01
7.667454545454541748e-01
7.324182547642994479e-01
8.758117647058745181e-01
9.178110859728528803e-01
9.260365168539347325e-01
9.321914600550997854e-01
1.058028657616892243e+00
9.178110859728528803e-01
9.471137254901957903e-01
9.780530303030308126e-01
1.099557999999998481e+00
1.190551162790700390e+00
1.099557999999998481e+00
1.139470046082947219e+00
1.099557999999998481e+00
1.070027027027026900e+00
1.130361111111111150e+00
9.466605744125340394e-01
5.441115537848607575e-01
5.091663003663021714e-01
5.091663003663021714e-01
5.360070422535238022e-01
5.091663003663021714e-01
5.107579787234103330e-01
5.284980574980527868e-01
5.284980574980527868e-01
4.733337169159948510e-01
5.284980574980527868e-01
5.284980574980527868e-01
8.337529644268796281e-01
8.016288659793807669e-01
8.016288659793807669e-01
9.471137254901957903e-01
8.758117647058745181e-01
9.321914600550997854e-01
1.058028657616892243e+00
9.471137254901957903e-01
9.471137254901957903e-01
9.471137254901957903e-01
9.471137254901957903e-01
1.058028657616892243e+00
1.065747826086957062e+00
1.070027027027026900e+00
9.471137254901957903e-01
9.321914600550997854e-01
5.441115537848607575e-01
3.727190721649486504e-01
3.796605504587164948e-01
6.563702479338855422e-01
4.750985915492957901e-01
5.669728260869570935e-01
5.637948717948728650e-01
5.633503054989810188e-01
5.218803278688521896e-01
-8.545684210526311997e-01
-8.545684210526311997e-01
-1.035173992673992682e+00
-1.161078355314202615e-01
9.072259136212637576e-02
5.076010638297882016e-01
-7.335094339622648396e-02
2.757793427230049721e-01
4.655000000000012461e-01
4.427424242424242706e-01
2.710413223140495931e-01
-9.585106382978726691e-02
3.037428571428569812e-01
4.427424242424242706e-01
7.324182547642994479e-01
6.163980099502488486e-01
6.950916666666672183e-01
8.549695817490500227e-01
8.758117647058745181e-01
9.260365168539347325e-01
1.041334586466163614e+00
1.041334586466163614e+00
5.441115537848607575e-01
9.260365168539347325e-01
9.471137254901957903e-01
9.471137254901957903e-01
1.070027027027026900e+00
1.070027027027026900e+00
1.058028657616892243e+00
9.260365168539347325e-01
6.950916666666672183e-01
8.758117647058745181e-01
8.758117647058745181e-01
5.669728260869570935e-01
5.441115537848607575e-01
5.669728260869570935e-01
8.758117647058745181e-01
6.566314655172414971e-01
8.518783783783783203e-01
6.950916666666672183e-01
6.518089430894300484e-01
9.205915492957751356e-01
9.260365168539347325e-01
8.758117647058745181e-01
7.528833333333331268e-01
5.924966666666681148e-01
5.231664482306682684e-01
5.360820189274444481e-01
4.888701923076925748e-01
4.888701923076925748e-01
5.166944937833055640e-01
4.888701923076925748e-01
6.950916666666672183e-01
6.163980099502488486e-01
5.076010638297882016e-01
5.924966666666681148e-01
5.463056057866181314e-01
5.633503054989810188e-01
8.549695817490500227e-01
4.427424242424242706e-01
3.393416149068331222e-01
2.710413223140495931e-01
4.427424242424242706e-01
6.518089430894300484e-01
6.563702479338855422e-01
8.559615384615383293e-01
9.178110859728528803e-01
1.065747826086957062e+00
9.466605744125340394e-01
8.656588103254780897e-01
9.205915492957751356e-01
9.385194805194809753e-01
8.758117647058745181e-01
4.406385927505322431e-01
2.956378555798687136e-01
4.733337169159948510e-01
5.360070422535238022e-01
9.321914600550997854e-01
7.995275000000019450e-01
7.528833333333331268e-01
6.163980099502488486e-01
5.081511811023667891e-01
-1.933018867924523321e-01
3.160563380281689039e-02
-2.225842696629212747e-02
3.328286384976522627e-01
2.757793427230049721e-01
4.888701923076925748e-01
6.518089430894300484e-01
5.231664482306682684e-01
8.199082125603894822e-01
8.518783783783783203e-01
3.328286384976522627e-01
-1.829584185412420072e-01
-9.183965014577225028e-02
2.506516516516516524e-01
-2.225842696629212747e-02
3.328286384976522627e-01
3.727190721649486504e-01
4.406385927505322431e-01
5.081511811023667891e-01
9.178110859728528803e-01
5.654354838709676478e-01
8.518783783783783203e-01
5.091663003663021714e-01
5.081511811023667891e-01
4.733337169159948510e-01
8.204827586206894230e-01
3.796605504587164948e-01
5.231664482306682684e-01
5.091663003663021714e-01
6.566314655172414971e-01
8.758117647058745181e-01
8.337529644268796281e-01
5.081511811023667891e-01
9.321914600550997854e-01
9.647352941176466912e-01
6.092630662020904753e-01
6.118831168831171397e-01
4.888701923076925748e-01
5.441115537848607575e-01
5.218803278688521896e-01
5.107579787234103330e-01
4.888701923076925748e-01
5.091663003663021714e-01
5.081511811023667891e-01
4.733337169159948510e-01
4.406385927505322431e-01
3.031968864468866931e-01
2.956378555798687136e-01
3.393416149068331222e-01
3.884700193423603620e-01
3.393416149068331222e-01
3.884700193423603620e-01
4.733337169159948510e-01
3.727190721649486504e-01
3.796605504587164948e-01
4.406385927505322431e-01
5.231664482306682684e-01
2.570653753026634347e-01
-7.335094339622648396e-02
2.506516516516516524e-01
3.884700193423603620e-01
5.826969696969694912e-01
6.563702479338855422e-01
6.566314655172414971e-01
6.163980099502488486e-01
8.758117647058745181e-01
8.758117647058745181e-01
9.178110859728528803e-01
8.518783783783783203e-01
8.656588103254780897e-01
6.566314655172414971e-01
5.081511811023667891e-01
3.037428571428569812e-01
-3.827142857142857291e-01
-1.497685459940650832e-01
-3.847462908011888838e-01
2.725432835820876809e-01
2.183163371487966964e-01
-5.010677966101695358e-01
2.506516516516516524e-01
2.710413223140495931e-01
2.710413223140495931e-01
3.072516703786188907e-01
5.091663003663021714e-01
5.360070422535238022e-01
6.566314655172414971e-01
5.441115537848607575e-01
6.950916666666672183e-01
5.441115537848607575e-01
5.360820189274444481e-01
8.518783783783783203e-01
8.758117647058745181e-01
1.190551162790700390e+00
9.321914600550997854e-01
-7.014901960784321044e-01
-5.010677966101695358e-01
-8.335955204216005665e-01
-2.029767261442979032e-01
1.954741288278777633e-01
4.888701923076925748e-01
5.284980574980527868e-01
6.950916666666672183e-01
6.566314655172414971e-01
5.284980574980527868e-01
5.218803278688521896e-01
5.166944937833055640e-01
6.563702479338855422e-01
7.196666666666688972e-01
5.924966666666681148e-01
6.163980099502488486e-01
7.324182547642994479e-01
8.549695817490500227e-01
8.199082125603894822e-01
7.324182547642994479e-01
8.016288659793807669e-01
8.758117647058745181e-01
8.656588103254780897e-01
9.466605744125340394e-01
9.178110859728528803e-01
8.518783783783783203e-01
8.337529644268796281e-01
6.118831168831171397e-01
3.727190721649486504e-01
7.290904761904766218e-01
2.710413223140495931e-01
5.360070422535238022e-01
5.284980574980527868e-01
5.463056057866181314e-01
7.324182547642994479e-01
7.196666666666688972e-01
5.284980574980527868e-01
6.566314655172414971e-01
7.324182547642994479e-01
9.780530303030308126e-01
1.065747826086957062e+00
9.260365168539347325e-01
7.324182547642994479e-01
7.638929663608562404e-01
1.026178787878786691e+00
7.393105134474352580e-01
7.638929663608562404e-01
8.199082125603894822e-01
9.691848998459163811e-01
1.065747826086957062e+00
1.065747826086957062e+00
1.190551162790700390e+00
1.190551162790700390e+00
9.178110859728528803e-01
6.566314655172414971e-01
6.566314655172414971e-01
8.656588103254780897e-01
8.518783783783783203e-01
1.065747826086957062e+00
7.196666666666688972e-01
7.196666666666688972e-01
1.058028657616892243e+00
1.062187200000007214e+00
9.205915492957751356e-01
9.691848998459163811e-01
8.758117647058745181e-01
9.321914600550997854e-01
9.260365168539347325e-01
9.321914600550997854e-01
5.284980574980527868e-01
6.518089430894300484e-01
8.051233373639694602e-01
9.321914600550997854e-01
8.199082125603894822e-01
6.566314655172414971e-01
5.343768844221115089e-01
5.081511811023667891e-01
5.284980574980527868e-01
7.995275000000019450e-01
5.654354838709676478e-01
6.518089430894300484e-01
6.163980099502488486e-01
5.091663003663021714e-01
4.406385927505322431e-01
2.460729166666665302e-01
2.570653753026634347e-01
3.976170212765968159e-01
6.563702479338855422e-01
8.016288659793807669e-01
8.016288659793807669e-01
7.324182547642994479e-01
8.549695817490500227e-01
6.566314655172414971e-01
3.727190721649486504e-01
5.081511811023667891e-01
5.441115537848607575e-01
5.231664482306682684e-01
5.284980574980527868e-01
3.976170212765968159e-01
3.393416149068331222e-01
3.328286384976522627e-01
2.506516516516516524e-01
3.884700193423603620e-01
5.076010638297882016e-01
4.427424242424242706e-01
3.393416149068331222e-01
-7.335094339622648396e-02
3.031968864468866931e-01
5.360070422535238022e-01
5.924966666666681148e-01
8.549695817490500227e-01
7.324182547642994479e-01
5.639622641509433043e-01
7.196666666666688972e-01
7.995275000000019450e-01
5.284980574980527868e-01
5.126666666666670480e-01
6.092630662020904753e-01
5.284980574980527868e-01
6.950916666666672183e-01
8.337529644268796281e-01
5.360820189274444481e-01
4.406385927505322431e-01
5.231664482306682684e-01
5.654354838709676478e-01
6.950916666666672183e-01
5.284980574980527868e-01
8.337529644268796281e-01
8.656588103254780897e-01
8.549695817490500227e-01
8.337529644268796281e-01
9.178110859728528803e-01
9.205915492957751356e-01
8.758117647058745181e-01
5.218803278688521896e-01
3.037428571428569812e-01
-1.130605095541397376e-01
-1.161078355314202615e-01
-1.205781690140857731e-01
-1.933018867924523321e-01
-1.430850202429148899e-01
3.072516703786188907e-01
3.217926988265911725e-01
2.710413223140495931e-01
3.727190721649486504e-01
5.439491691104588605e-02
-4.543653250773996288e-02
1.954741288278777633e-01
3.727190721649486504e-01
4.733337169159948510e-01
3.976170212765968159e-01
2.725432835820876809e-01
2.956378555798687136e-01
3.727190721649486504e-01
5.841787709497202608e-01
5.284980574980527868e-01
5.166944937833055640e-01
5.166944937833055640e-01
3.727190721649486504e-01
3.677486631016044782e-01
7.667454545454541748e-01
7.667454545454541748e-01
6.518089430894300484e-01
7.727849462365595778e-01
7.324182547642994479e-01
7.667454545454541748e-01
8.549695817490500227e-01
9.471137254901957903e-01
8.758117647058745181e-01
1.139470046082947219e+00
9.321914600550997854e-01
1.041334586466163614e+00
9.471137254901957903e-01
8.559615384615383293e-01
8.656588103254780897e-01
6.118831168831171397e-01
9.072259136212637576e-02
4.406385927505322431e-01
5.076010638297882016e-01
5.637948717948728650e-01
5.231664482306682684e-01
5.284980574980527868e-01
5.107579787234103330e-01
8.051233373639694602e-01
7.324182547642994479e-01
8.337529644268796281e-01
9.691848998459163811e-01
8.051233373639694602e-01
8.016288659793807669e-01
8.674852459016394457e-01
1.201959915611813035e+00
1.272242857142858785e+00
1.190551162790700390e+00
1.276849673202612889e+00
1.276849673202612889e+00
1.201959915611813035e+00
1.221100000000000074e+00
8.758117647058745181e-01
6.566314655172414971e-01
4.427424242424242706e-01
5.231664482306682684e-01
8.051233373639694602e-01
4.733337169159948510e-01
4.406385927505322431e-01
3.727190721649486504e-01
5.463056057866181314e-01
7.196666666666688972e-01
8.758117647058745181e-01
5.360070422535238022e-01
-7.335094339622648396e-02
3.037428571428569812e-01
3.037428571428569812e-01
3.976170212765968159e-01
3.037428571428569812e-01
4.406385927505322431e-01
9.072259136212637576e-02
3.976170212765968159e-01
4.733337169159948510e-01
4.733337169159948510e-01
8.656588103254780897e-01
6.920661478599239302e-01
6.956826923076916414e-01
6.956826923076916414e-01
6.518089430894300484e-01
4.888701923076925748e-01
4.750985915492957901e-01
5.107579787234103330e-01
6.163980099502488486e-01
6.563702479338855422e-01
5.107579787234103330e-01
5.126666666666670480e-01
4.733337169159948510e-01
3.393416149068331222e-01
5.091663003663021714e-01
5.639622641509433043e-01
6.950916666666672183e-01
5.166944937833055640e-01
3.677486631016044782e-01
5.841787709497202608e-01
8.016288659793807669e-01
8.199082125603894822e-01
9.471137254901957903e-01
8.549695817490500227e-01
5.126666666666670480e-01
4.733337169159948510e-01
5.231664482306682684e-01
8.758117647058745181e-01
9.691848998459163811e-01
9.780530303030308126e-01
8.199082125603894822e-01
9.471137254901957903e-01
9.321914600550997854e-01
1.099557999999998481e+00
8.199082125603894822e-01
1.139470046082947219e+00
5.284980574980527868e-01
5.677499999999999769e-01
5.126666666666670480e-01
2.757793427230049721e-01
1.703506493506492248e-01
5.126666666666670480e-01
5.360070422535238022e-01
4.427424242424242706e-01
5.126666666666670480e-01
7.324182547642994479e-01
5.976666666666666794e-01
5.284980574980527868e-01
5.218803278688521896e-01
5.284980574980527868e-01
5.841787709497202608e-01
5.284980574980527868e-01
4.750985915492957901e-01
4.406385927505322431e-01
4.406385927505322431e-01
5.231664482306682684e-01
5.441115537848607575e-01
6.518089430894300484e-01
7.393105134474352580e-01
8.758117647058745181e-01
8.518783783783783203e-01
4.750985915492957901e-01
5.091663003663021714e-01
3.976170212765968159e-01
6.563702479338855422e-01
7.667454545454541748e-01
8.656588103254780897e-01
9.647352941176466912e-01
5.654354838709676478e-01
-1.417398625429551418e+00
-1.221223255813954189e+00
-1.032908203125002533e+00
-3.827142857142857291e-01
-1.933018867924523321e-01
-6.996473551637273636e-02
-1.933018867924523321e-01
-2.759252336448597132e-01
-6.996473551637273636e-02
4.050000000000002487e-01
1.404603773584905957e-01
1.267721088435375953e-01
1.267721088435375953e-01
3.393416149068331222e-01
3.172727272727278447e-02
-9.585106382978726691e-02
-6.996473551637273636e-02
2.757793427230049721e-01
3.727190721649486504e-01
4.733337169159948510e-01
4.406385927505322431e-01
3.796605504587164948e-01
4.733337169159948510e-01
5.284980574980527868e-01
5.284980574980527868e-01
5.633503054989810188e-01
5.360820189274444481e-01
5.166944937833055640e-01
5.633503054989810188e-01
5.654354838709676478e-01
2.757793427230049721e-01
-6.996473551637273636e-02
-1.509743438320207964e+00
-1.125828571428572067e+00
-3.548787475016640380e-01
-1.205781690140857731e-01
-9.585106382978726691e-02
2.553551980198024429e-01
-7.335094339622648396e-02
5.439491691104588605e-02
1.267721088435375953e-01
4.427424242424242706e-01
4.406385927505322431e-01
4.427424242424242706e-01
2.757793427230049721e-01
3.328286384976522627e-01
5.166944937833055640e-01
5.841787709497202608e-01
5.284980574980527868e-01
5.091663003663021714e-01
5.284980574980527868e-01
4.733337169159948510e-01
5.091663003663021714e-01
4.265454545454546165e-01
5.107579787234103330e-01
5.107579787234103330e-01
6.950916666666672183e-01
4.265454545454546165e-01
5.669728260869570935e-01
6.950916666666672183e-01
5.284980574980527868e-01
5.463056057866181314e-01
7.196666666666688972e-01
7.995275000000019450e-01
5.091663003663021714e-01
5.284980574980527868e-01
5.360070422535238022e-01
5.654354838709676478e-01
5.637948717948728650e-01
6.950916666666672183e-01
6.950916666666672183e-01
5.669728260869570935e-01
5.633503054989810188e-01
5.360820189274444481e-01
6.950916666666672183e-01
5.218803278688521896e-01
7.667454545454541748e-01
8.016288659793807669e-01
6.563702479338855422e-01
5.107579787234103330e-01
-2.856948529411765247e-01
3.217926988265911725e-01
3.393416149068331222e-01
5.231664482306682684e-01
6.163980099502488486e-01
5.637948717948728650e-01
2.553551980198024429e-01
3.072516703786188907e-01
2.553551980198024429e-01
9.072259136212637576e-02
3.976170212765968159e-01
3.072516703786188907e-01
3.884700193423603620e-01
5.166944937833055640e-01
5.654354838709676478e-01
5.669728260869570935e-01
5.669728260869570935e-01
5.637948717948728650e-01
6.518089430894300484e-01
5.669728260869570935e-01
6.518089430894300484e-01
5.463056057866181314e-01
8.016288659793807669e-01
8.549695817490500227e-01
5.218803278688521896e-01
5.826969696969694912e-01
6.956826923076916414e-01
5.669728260869570935e-01
6.950916666666672183e-01
5.284980574980527868e-01
6.563702479338855422e-01
4.406385927505322431e-01
5.107579787234103330e-01
5.360070422535238022e-01
5.360070422535238022e-01
5.218803278688521896e-01
5.076010638297882016e-01
5.107579787234103330e-01
5.091663003663021714e-01
5.126666666666670480e-01
5.633503054989810188e-01
5.218803278688521896e-01
5.126666666666670480e-01
5.126666666666670480e-01
5.654354838709676478e-01
5.091663003663021714e-01
5.343768844221115089e-01
3.796605504587164948e-01
5.076010638297882016e-01
5.463056057866181314e-01
5.654354838709676478e-01
7.324182547642994479e-01
7.196666666666688972e-01
5.126666666666670480e-01
5.166944937833055640e-01
5.360070422535238022e-01
5.841787709497202608e-01
7.324182547642994479e-01
7.324182547642994479e-01
5.463056057866181314e-01
3.976170212765968159e-01
-6.996473551637273636e-02
2.460729166666665302e-01
3.976170212765968159e-01
5.218803278688521896e-01
6.950916666666672183e-01
5.633503054989810188e-01
5.076010638297882016e-01
5.231664482306682684e-01
5.284980574980527868e-01
5.360820189274444481e-01
5.284980574980527868e-01
5.126666666666670480e-01
4.733337169159948510e-01
5.076010638297882016e-01
5.076010638297882016e-01
5.166944937833055640e-01
5.633503054989810188e-01
5.076010638297882016e-01
5.669728260869570935e-01
6.566314655172414971e-01
5.076010638297882016e-01
2.710413223140495931e-01
-4.543653250773996288e-02
2.956378555798687136e-01
5.076010638297882016e-01
5.284980574980527868e-01
5.463056057866181314e-01
5.360070422535238022e-01
6.956826923076916414e-01
5.463056057866181314e-01
5.633503054989810188e-01
5.166944937833055640e-01
5.654354838709676478e-01
5.126666666666670480e-01
5.126666666666670480e-01
4.427424242424242706e-01
4.655000000000012461e-01
4.655000000000012461e-01
5.218803278688521896e-01
5.218803278688521896e-01
5.126666666666670480e-01
4.427424242424242706e-01
4.427424242424242706e-01
2.438800685322692896e-01
3.884700193423603620e-01
5.343768844221115089e-01
6.566314655172414971e-01
6.956826923076916414e-01
8.518783783783783203e-01
8.199082125603894822e-01
6.566314655172414971e-01
5.218803278688521896e-01
5.218803278688521896e-01
6.950916666666672183e-01
5.841787709497202608e-01
5.218803278688521896e-01
3.727190721649486504e-01
5.284980574980527868e-01
5.360070422535238022e-01
6.950916666666672183e-01
8.051233373639694602e-01
6.950916666666672183e-01
8.016288659793807669e-01
8.016288659793807669e-01
8.549695817490500227e-01
8.549695817490500227e-01
8.199082125603894822e-01
8.016288659793807669e-01
8.016288659793807669e-01
8.549695817490500227e-01
7.995275000000019450e-01
7.727849462365595778e-01
7.995275000000019450e-01
6.566314655172414971e-01
8.016288659793807669e-01
8.016288659793807669e-01
6.956826923076916414e-01
7.995275000000019450e-01
8.199082125603894822e-01
7.727849462365595778e-01
8.656588103254780897e-01
7.667454545454541748e-01
6.563702479338855422e-01
6.950916666666672183e-01
5.654354838709676478e-01
5.654354838709676478e-01
6.563702479338855422e-01
8.758117647058745181e-01
8.016288659793807669e-01
5.284980574980527868e-01
6.950916666666672183e-01
5.360820189274444481e-01
3.393416149068331222e-01
2.438800685322692896e-01
2.956378555798687136e-01
5.126666666666670480e-01
4.888701923076925748e-01
4.406385927505322431e-01
3.727190721649486504e-01
5.284980574980527868e-01
6.563702479338855422e-01
5.463056057866181314e-01
6.956826923076916414e-01
8.051233373639694602e-01
8.549695817490500227e-01
7.324182547642994479e-01
5.343768844221115089e-01
5.343768844221115089e-01
5.669728260869570935e-01
8.016288659793807669e-01
8.656588103254780897e-01
8.199082125603894822e-01
8.016288659793807669e-01
8.199082125603894822e-01
7.196666666666688972e-01
5.076010638297882016e-01
3.072516703786188907e-01
4.406385927505322431e-01
5.107579787234103330e-01
4.733337169159948510e-01
4.733337169159948510e-01
8.204827586206894230e-01
3.217926988265911725e-01
4.406385927505322431e-01
-6.996473551637273636e-02
4.406385927505322431e-01
3.727190721649486504e-01
3.884700193423603620e-01
5.231664482306682684e-01
5.166944937833055640e-01
5.463056057866181314e-01
6.518089430894300484e-01
6.566314655172414971e-01
6.950916666666672183e-01
6.566314655172414971e-01
8.016288659793807669e-01
8.016288659793807669e-01
8.549695817490500227e-01
6.920661478599239302e-01
6.920661478599239302e-01
6.518089430894300484e-01
5.826969696969694912e-01
8.674852459016394457e-01
5.126666666666670480e-01
5.076010638297882016e-01
-2.287570093457942377e-01
5.439491691104588605e-02
2.570653753026634347e-01
3.727190721649486504e-01
5.076010638297882016e-01
5.107579787234103330e-01
5.284980574980527868e-01
5.669728260869570935e-01
5.218803278688521896e-01
5.218803278688521896e-01
5.633503054989810188e-01
5.669728260869570935e-01
5.107579787234103330e-01
3.677486631016044782e-01
5.284980574980527868e-01
2.570653753026634347e-01
3.677486631016044782e-01
2.725432835820876809e-01
3.031968864468866931e-01
5.284980574980527868e-01
5.218803278688521896e-01
4.733337169159948510e-01
3.031968864468866931e-01
2.438800685322692896e-01
3.677486631016044782e-01
5.654354838709676478e-01
5.841787709497202608e-01
8.549695817490500227e-01
5.218803278688521896e-01
6.950916666666672183e-01
8.549695817490500227e-01
8.016288659793807669e-01
9.471137254901957903e-01
5.218803278688521896e-01
5.343768844221115089e-01
8.016288659793807669e-01
1.058028657616892243e+00
1.098483535528595567e+00
1.046046875000000487e+00
8.016288659793807669e-01
5.284980574980527868e-01
5.218803278688521896e-01
5.284980574980527868e-01
5.841787709497202608e-01
8.656588103254780897e-01
5.841787709497202608e-01
5.218803278688521896e-01
5.633503054989810188e-01
6.563702479338855422e-01
8.337529644268796281e-01
8.199082125603894822e-01
9.471137254901957903e-01
8.674852459016394457e-01
9.471137254901957903e-01
9.471137254901957903e-01
8.674852459016394457e-01
5.841787709497202608e-01
5.654354838709676478e-01
4.750985915492957901e-01
6.920661478599239302e-01
5.654354838709676478e-01
6.518089430894300484e-01
8.051233373639694602e-01
5.463056057866181314e-01
5.360070422535238022e-01
2.386694915254239102e-01
2.553551980198024429e-01
3.677486631016044782e-01
3.393416149068331222e-01
5.107579787234103330e-01
5.126666666666670480e-01
3.796605504587164948e-01
5.126666666666670480e-01
8.051233373639694602e-01
7.324182547642994479e-01
8.199082125603894822e-01
5.284980574980527868e-01
5.841787709497202608e-01
5.360070422535238022e-01
5.166944937833055640e-01
3.727190721649486504e-01
5.076010638297882016e-01
8.051233373639694602e-01
6.950916666666672183e-01
8.199082125603894822e-01
9.220468750000001545e-01
1.026149999999999896e+00
1.058028657616892243e+00
7.324182547642994479e-01
5.654354838709676478e-01
6.950916666666672183e-01
8.337529644268796281e-01
9.321914600550997854e-01
8.758117647058745181e-01
9.691848998459163811e-01
7.324182547642994479e-01
5.669728260869570935e-01
8.758117647058745181e-01
9.780530303030308126e-01
8.758117647058745181e-01
9.260365168539347325e-01
9.691848998459163811e-01
8.656588103254780897e-01
8.199082125603894822e-01
1.139470046082947219e+00
1.058028657616892243e+00
7.324182547642994479e-01
9.471137254901957903e-01
1.319040345821328453e+00
1.311964370546316427e+00
1.201959915611813035e+00
9.780530303030308126e-01
9.780530303030308126e-01
1.065747826086957062e+00
1.099557999999998481e+00
1.139470046082947219e+00
1.359459459459464448e+00
1.216472622478385057e+00
1.065747826086957062e+00
9.471137254901957903e-01
9.794371584699451683e-01
9.260365168539347325e-01
8.518783783783783203e-01
9.321914600550997854e-01
8.549695817490500227e-01
7.667454545454541748e-01
8.549695817490500227e-01
5.231664482306682684e-01
2.614145785877000638e-01
1.954741288278777633e-01
4.655000000000012461e-01
5.081511811023667891e-01
7.196666666666688972e-01
8.051233373639694602e-01
9.794371584699451683e-01
5.633503054989810188e-01
3.727190721649486504e-01
4.427424242424242706e-01
5.107579787234103330e-01
4.733337169159948510e-01
5.284980574980527868e-01
6.920661478599239302e-01
9.205915492957751356e-01
8.518783783783783203e-01
8.549695817490500227e-01
5.360070422535238022e-01
5.637948717948728650e-01
7.324182547642994479e-01
7.196666666666688972e-01
8.549695817490500227e-01
8.549695817490500227e-01
9.691848998459163811e-01
9.220468750000001545e-01
6.920661478599239302e-01
8.549695817490500227e-01
5.669728260869570935e-01
5.360820189274444481e-01
6.956826923076916414e-01
6.518089430894300484e-01
4.733337169159948510e-01
5.637948717948728650e-01
5.284980574980527868e-01
5.107579787234103330e-01
5.218803278688521896e-01
3.328286384976522627e-01
5.107579787234103330e-01
8.051233373639694602e-01
5.343768844221115089e-01
5.081511811023667891e-01
5.637948717948728650e-01
7.324182547642994479e-01
8.051233373639694602e-01
8.051233373639694602e-01
7.196666666666688972e-01
5.360070422535238022e-01
5.669728260869570935e-01
6.566314655172414971e-01
4.733337169159948510e-01
5.076010638297882016e-01
5.284980574980527868e-01
5.166944937833055640e-01
8.051233373639694602e-01
7.196666666666688972e-01
5.284980574980527868e-01
5.218803278688521896e-01
5.669728260869570935e-01
1.098483535528595567e+00
9.178110859728528803e-01
8.656588103254780897e-01
9.260365168539347325e-01
7.667454545454541748e-01
6.163980099502488486e-01
5.284980574980527868e-01
5.360820189274444481e-01
5.343768844221115089e-01
7.324182547642994479e-01
6.950916666666672183e-01
5.166944937833055640e-01
5.107579787234103330e-01
5.343768844221115089e-01
4.733337169159948510e-01
5.284980574980527868e-01
4.888701923076925748e-01
7.324182547642994479e-01
6.950916666666672183e-01
6.566314655172414971e-01
4.888701923076925748e-01
3.727190721649486504e-01
2.956378555798687136e-01
3.727190721649486504e-01
3.727190721649486504e-01
3.976170212765968159e-01
5.218803278688521896e-01
5.166944937833055640e-01
5.360070422535238022e-01
6.163980099502488486e-01
4.265454545454546165e-01
5.231664482306682684e-01
6.518089430894300484e-01
5.166944937833055640e-01
6.956826923076916414e-01
6.566314655172414971e-01
5.669728260869570935e-01
5.637948717948728650e-01
5.633503054989810188e-01
5.343768844221115089e-01
5.091663003663021714e-01
5.463056057866181314e-01
6.518089430894300484e-01
5.669728260869570935e-01
5.126666666666670480e-01
8.016288659793807669e-01
5.633503054989810188e-01
8.016288659793807669e-01
8.016288659793807669e-01
8.674852459016394457e-01
6.566314655172414971e-01
8.518783783783783203e-01
8.199082125603894822e-01
8.758117647058745181e-01
8.549695817490500227e-01
9.220468750000001545e-01
9.691848998459163811e-01
5.637948717948728650e-01
6.518089430894300484e-01
5.166944937833055640e-01
5.231664482306682684e-01
5.669728260869570935e-01
8.016288659793807669e-01
5.494999999999999885e-01
5.360820189274444481e-01
5.076010638297882016e-01
4.427424242424242706e-01
4.427424242424242706e-01
7.324182547642994479e-01
5.360820189274444481e-01
8.559615384615383293e-01
1.276849673202612889e+00
1.276849673202612889e+00
7.324182547642994479e-01
8.016288659793807669e-01
7.995275000000019450e-01
9.178110859728528803e-01
8.549695817490500227e-01
1.026149999999999896e+00
9.691848998459163811e-01
1.130361111111111150e+00
9.471137254901957903e-01
6.950916666666672183e-01
5.441115537848607575e-01
3.976170212765968159e-01
5.360070422535238022e-01
5.231664482306682684e-01
5.231664482306682684e-01
8.199082125603894822e-01
8.656588103254780897e-01
9.321914600550997854e-01
8.656588103254780897e-01
8.674852459016394457e-01
8.656588103254780897e-01
9.220468750000001545e-01
1.070027027027026900e+00
9.780530303030308126e-01
9.780530303030308126e-01
9.780530303030308126e-01
8.674852459016394457e-01
8.656588103254780897e-01
1.026149999999999896e+00
8.199082125603894822e-01
6.950916666666672183e-01
6.563702479338855422e-01
6.563702479338855422e-01
6.950916666666672183e-01
6.518089430894300484e-01
5.284980574980527868e-01
5.284980574980527868e-01
4.733337169159948510e-01
5.360070422535238022e-01
7.324182547642994479e-01
8.199082125603894822e-01
6.518089430894300484e-01
6.518089430894300484e-01
7.196666666666688972e-01
5.284980574980527868e-01
5.076010638297882016e-01
3.727190721649486504e-01
3.037428571428569812e-01
3.727190721649486504e-01
3.976170212765968159e-01
5.076010638297882016e-01
5.166944937833055640e-01
5.343768844221115089e-01
5.669728260869570935e-01
6.950916666666672183e-01
6.950916666666672183e-01
8.518783783783783203e-01
8.199082125603894822e-01
1.065747826086957062e+00
7.667454545454541748e-01
8.051233373639694602e-01
1.139470046082947219e+00
7.324182547642994479e-01
5.669728260869570935e-01
9.260365168539347325e-01
9.471137254901957903e-01
9.471137254901957903e-01
1.065747826086957062e+00
1.065747826086957062e+00
9.321914600550997854e-01
8.549695817490500227e-01
8.656588103254780897e-01
8.674852459016394457e-01
9.220468750000001545e-01
9.220468750000001545e-01
8.549695817490500227e-01
8.549695817490500227e-01
8.549695817490500227e-01
7.393105134474352580e-01
6.518089430894300484e-01
5.669728260869570935e-01
6.563702479338855422e-01
6.163980099502488486e-01
7.324182547642994479e-01
5.677499999999999769e-01
7.324182547642994479e-01
5.841787709497202608e-01
5.677499999999999769e-01
5.639622641509433043e-01
5.284980574980527868e-01
5.218803278688521896e-01
5.343768844221115089e-01
7.995275000000019450e-01
7.727849462365595778e-01
8.016288659793807669e-01
8.016288659793807669e-01
8.656588103254780897e-01
9.780530303030308126e-01
1.098483535528595567e+00
9.260365168539347325e-01
8.758117647058745181e-01
8.674852459016394457e-01
6.956826923076916414e-01
7.667454545454541748e-01
7.324182547642994479e-01
6.563702479338855422e-01
8.051233373639694602e-01
8.051233373639694602e-01
8.758117647058745181e-01
6.956826923076916414e-01
7.324182547642994479e-01
6.956826923076916414e-01
8.051233373639694602e-01
8.199082125603894822e-01
8.051233373639694602e-01
8.549695817490500227e-01
8.758117647058745181e-01
9.178110859728528803e-01
9.178110859728528803e-01
9.178110859728528803e-01
7.667454545454541748e-01
-9.839093484419281221e-01
-1.255012875536481776e+00
-9.635449160908272637e-01
-9.839093484419281221e-01
-1.221223255813954189e+00
-9.635449160908272637e-01
-9.635449160908272637e-01
-1.035173992673992682e+00
-1.221223255813954189e+00
-9.839093484419281221e-01
-9.839093484419281221e-01
-2.379591054313083820e-01
-4.396867989646253694e-01
-5.407142857142891446e-01
-9.260133333333339101e-01
-1.065618510158009791e+00
-8.436416666666671782e-01
-3.827142857142857291e-01
-2.689574769666914222e-01
-7.335094339622648396e-02
-3.687389210019286767e-01
-9.429068181818166527e-01
-1.035173992673992682e+00
-4.396867989646253694e-01
-7.811877133105805671e-01
-1.059889807162533559e+00
-5.010677966101695358e-01
-1.307010101010101621e+00
-1.259497084548104828e+00
-1.073370636550308621e+00
-1.032908203125002533e+00
-1.065618510158009791e+00
-7.631679894179846935e-01
-4.889745762711877330e-01
-5.337236593059933032e-01
-3.855222222222217665e-01
-3.614460592509761150e-01
-5.337236593059933032e-01
-7.811877133105805671e-01
-1.078491433724078519e+00
-4.575126821370670838e-01
-7.811877133105805671e-01
-1.073370636550308621e+00
-9.839093484419281221e-01
-5.010677966101695358e-01
-5.330073746312679051e-01
-7.811877133105805671e-01
-4.575126821370670838e-01
-5.337236593059933032e-01
-5.330073746312679051e-01
-3.855222222222217665e-01
-8.897294654497859279e-01
-8.335955204216005665e-01
-3.618167539267024835e-01
-1.606945244956773100e-01
-1.017440251572335308e+00
-1.307010101010101621e+00
-1.374499282639891407e+00
-9.260133333333339101e-01
-1.031007162041186698e+00
-1.031007162041186698e+00
-5.330073746312679051e-01
-5.010677966101695358e-01
-5.408797284190111077e-01
-5.408797284190111077e-01
-2.142684563758376071e-01
-5.408797284190111077e-01
-7.811877133105805671e-01
-5.330073746312679051e-01
-3.855222222222217665e-01
-5.337236593059933032e-01
-3.577275280898882803e-01
-9.839093484419281221e-01
-1.432555555555560023e+00
-1.382525925925927046e+00
-1.153320099255580100e+00
-1.065618510158009791e+00
-9.429068181818166527e-01
-1.031007162041186698e+00
-9.429068181818166527e-01
-9.429068181818166527e-01
-7.811877133105805671e-01
-7.811877133105805671e-01
-5.330073746312679051e-01
-1.153320099255580100e+00
-1.364042986425340498e+00
-1.088559006211181845e+00
-1.059889807162533559e+00
-9.839093484419281221e-01
-1.001223787167451862e+00
-7.091547511312229490e-01
-9.839093484419281221e-01
-1.044427947598252526e+00
-1.428666666666664531e+00
-2.689574769666914222e-01
-1.017440251572335308e+00
-1.088559006211181845e+00
-9.635449160908272637e-01
-1.001223787167451862e+00
-9.839093484419281221e-01
-1.017440251572335308e+00
-7.631679894179846935e-01
-9.635449160908272637e-01
-1.145903623188402554e+00
-9.413897435897445876e-01
-8.436416666666671782e-01
-3.618167539267024835e-01
-1.098851010101005388e+00
-9.413897435897445876e-01
-2.689574769666914222e-01
-1.743821510297483557e-01
-2.296388384754983469e-01
-9.537304964538998453e-01
-1.259497084548104828e+00
-1.999223684210528429e+00
-1.797759970457916578e+00
-2.001024489795921735e+00
-2.047306818181819033e+00
-1.797759970457916578e+00
-1.576589837997054211e+00
-1.654752918287932584e+00
-1.545413173652697036e+00
-1.417398625429551418e+00
-9.839093484419281221e-01
-1.294520295202948201e+00
-1.520993348115297072e+00
-1.088559006211181845e+00
-1.145903623188402554e+00
-1.212807291666665899e+00
-1.564456076134702611e+00
-1.044427947598252526e+00
-1.194059566787000648e+00
-1.221223255813954189e+00
-1.098851010101005388e+00
-5.010677966101695358e-01
-1.307010101010101621e+00
-1.803737354085619415e+00
-1.751815384615385218e+00
-1.576589837997054211e+00
-1.523603911980439207e+00
-1.751815384615385218e+00
-1.764474301172225479e+00
-1.768774859287053358e+00
-1.797759970457916578e+00
-1.732877992277979562e+00
-1.624723404255320247e+00
-1.307010101010101621e+00
-1.776117647058823579e+00
-9.839093484419281221e-01
-1.307010101010101621e+00
-1.307010101010101621e+00
-1.380819780219785686e+00
-1.432555555555560023e+00
-1.078491433724078519e+00
-6.815156249999998472e-01
-1.380819780219785686e+00
-1.294520295202948201e+00
-1.269671874999999117e+00
-1.307010101010101621e+00
-1.380819780219785686e+00
-1.428666666666664531e+00
-3.577275280898882803e-01
-1.432555555555560023e+00
-1.509743438320207964e+00
-1.374499282639891407e+00
-1.509743438320207964e+00
-1.269671874999999117e+00
-1.014954787234041866e+00
-5.337236593059933032e-01
-9.839093484419281221e-01
-1.180800711743783316e+00
-1.059889807162533559e+00
-5.408797284190111077e-01
-1.044427947598252526e+00
-5.010677966101695358e-01
-5.337236593059933032e-01
-3.618167539267024835e-01
-5.337236593059933032e-01
-7.091547511312229490e-01
-4.575126821370670838e-01
-5.337236593059933032e-01
-2.689574769666914222e-01
-3.827142857142857291e-01
-2.207188498402565813e-01
-2.296388384754983469e-01
-3.294594852240219085e-01
-3.847462908011888838e-01
-2.740215293244234185e-01
-7.631679894179846935e-01
-2.689574769666914222e-01
-3.687389210019286767e-01
-2.790070588235268878e-01
-3.855222222222217665e-01
-2.207188498402565813e-01
-2.689574769666914222e-01
-2.093883248730962487e-01
-2.029767261442979032e-01
-5.010677966101695358e-01
-3.321374545454550131e-01
-1.743821510297483557e-01
-3.489514687100914170e-01
-2.296388384754983469e-01
-5.010677966101695358e-01
-3.855222222222217665e-01
-3.827142857142857291e-01
-2.689574769666914222e-01
-2.689574769666914222e-01
-3.827142857142857291e-01
-7.811877133105805671e-01
-2.689574769666914222e-01
-2.156838709677399435e-01
-2.207188498402565813e-01
-2.207188498402565813e-01
-3.548787475016640380e-01
-2.957669491525434791e-01
-2.689574769666914222e-01
-9.839093484419281221e-01
-2.957669491525434791e-01
-5.010677966101695358e-01
-8.905362318840576163e-01
-1.031007162041186698e+00
-9.839093484419281221e-01
-3.855222222222217665e-01
-8.905362318840576163e-01
-4.889745762711877330e-01
-3.687389210019286767e-01
-5.330073746312679051e-01
-3.847462908011888838e-01
-2.142684563758376071e-01
-3.827142857142857291e-01
-4.889745762711877330e-01
2.685542168674696084e-01
2.725432835820876809e-01
-1.161078355314202615e-01
-1.001223787167451862e+00
-2.156838709677399435e-01
-3.618167539267024835e-01
-3.855222222222217665e-01
-3.577275280898882803e-01
-2.689574769666914222e-01
-2.689574769666914222e-01
-2.689574769666914222e-01
-4.396867989646253694e-01
-3.618167539267024835e-01
-2.093883248730962487e-01
-1.606945244956773100e-01
-2.609108175061922719e-01
-1.341033623910337091e-01
-1.205781690140857731e-01
-2.759252336448597132e-01
-1.593428290766218114e-01
-5.407142857142891446e-01
-5.408797284190111077e-01
-5.330073746312679051e-01
-2.296388384754983469e-01
-2.609108175061922719e-01
-2.296388384754983469e-01
-1.329224860335186664e-01
-2.689574769666914222e-01
-3.614460592509761150e-01
-3.614460592509761150e-01
-4.396867989646253694e-01
-2.207188498402565813e-01
-2.790070588235268878e-01
-2.207188498402565813e-01
-9.635449160908272637e-01
-9.839093484419281221e-01
-8.335955204216005665e-01
-2.142684563758376071e-01
-2.609108175061922719e-01
-1.743705630791180905e+00
-1.880465116279070426e+00
-1.891146054181400915e+00
-1.959446366782001236e+00
-1.999621993127148833e+00
-2.058642076502729790e+00
-2.058642076502729790e+00
-2.058642076502729790e+00
-2.001024489795921735e+00
-1.803737354085619415e+00
-1.797759970457916578e+00
-1.757864691753402653e+00
-1.699907857142852086e+00
-1.564456076134702611e+00
-1.180800711743783316e+00
-5.337236593059933032e-01
5.439491691104588605e-02
-3.519562146892715182e-01
2.553551980198024429e-01
2.757793427230049721e-01
2.553551980198024429e-01
2.614145785877000638e-01
-1.829584185412420072e-01
-1.001223787167451862e+00
-3.614460592509761150e-01
-8.335955204216005665e-01
-1.116193899782137455e+00
-1.374499282639891407e+00
-1.732877992277979562e+00
-1.959446366782001236e+00
-2.058642076502729790e+00
-1.601722047244084512e+00
-9.839093484419281221e-01
-2.957669491525434791e-01
-2.957669491525434791e-01
-2.689574769666914222e-01
-2.379591054313083820e-01
-9.728288288288103325e-02
-2.689574769666914222e-01
-2.759252336448597132e-01
-1.829578794480736792e-01
-2.093883248730962487e-01
-4.575126821370670838e-01
-1.014954787234041866e+00
-1.283732142857144209e+00
-1.523603911980439207e+00
-1.283732142857144209e+00
-1.283732142857144209e+00
-1.732877992277979562e+00
-4.396867989646253694e-01
-9.839093484419281221e-01
-1.307010101010101621e+00
-1.017440251572335308e+00
-3.577275280898882803e-01
-2.609108175061922719e-01
-1.829584185412420072e-01
-1.846326530612244221e-01
-1.233145161290322811e+00
-3.294594852240219085e-01
-1.497685459940650832e-01
-1.161078355314202615e-01
2.562962962962974517e-02
-3.827142857142857291e-01
-1.032908203125002533e+00
-1.031007162041186698e+00
-1.068418277680146744e+00
5.439491691104588605e-02
3.393416149068331222e-01
2.757793427230049721e-01
2.757793427230049721e-01
2.757793427230049721e-01
5.360070422535238022e-01
5.091663003663021714e-01
5.360070422535238022e-01
5.284980574980527868e-01
5.284980574980527868e-01
5.463056057866181314e-01
5.441115537848607575e-01
5.360070422535238022e-01
5.360070422535238022e-01
5.284980574980527868e-01
5.449319938176192535e-01
5.166944937833055640e-01
5.091663003663021714e-01
5.284980574980527868e-01
5.463056057866181314e-01
5.081511811023667891e-01
5.463056057866181314e-01
5.605235173824094641e-01
5.441115537848607575e-01
6.092630662020904753e-01
5.633503054989810188e-01
6.950916666666672183e-01
6.092630662020904753e-01
5.463056057866181314e-01
5.081511811023667891e-01
5.107579787234103330e-01
3.217926988265911725e-01
2.562962962962974517e-02
-2.093883248730962487e-01
-9.839093484419281221e-01
-1.768774859287053358e+00
-1.743705630791180905e+00
-1.829538028169002573e+00
-1.926811158798278356e+00
-1.743705630791180905e+00
-5.010677966101695358e-01
-1.180800711743783316e+00
-1.519313099041536663e+00
-4.575126821370670838e-01
-2.296388384754983469e-01
-2.207188498402565813e-01
-7.811877133105805671e-01
-1.014954787234041866e+00
-4.396867989646253694e-01
-1.078491433724078519e+00
-1.042917968749998980e+00
-3.614460592509761150e-01
-1.068418277680146744e+00
-1.259497084548104828e+00
-9.260133333333339101e-01
-8.897294654497859279e-01
-7.811877133105805671e-01
-7.811877133105805671e-01
-5.400170648464166501e-01
-4.889745762711877330e-01
-7.091547511312229490e-01
-4.396867989646253694e-01
-5.400170648464166501e-01
-1.873312925170057541e-01
-8.897294654497859279e-01
2.553551980198024429e-01
2.553551980198024429e-01
3.393416149068331222e-01
-8.031873905429072202e-01
-9.168461538461537552e-01
2.628779576587793598e-01
2.553551980198024429e-01
2.553551980198024429e-01
4.888701923076925748e-01
5.231664482306682684e-01
2.757793427230049721e-01
2.725432835820876809e-01
3.393416149068331222e-01
-1.497685459940650832e-01
-4.889745762711877330e-01
-1.059889807162533559e+00
-9.839093484419281221e-01
-1.307010101010101621e+00
-5.047233429394802906e-01
-1.382525925925927046e+00
-3.618167539267024835e-01
-1.380819780219785686e+00
-2.957669491525434791e-01
-8.545684210526311997e-01
-7.811877133105805671e-01
-3.687389210019286767e-01
-3.577275280898882803e-01
-2.029767261442979032e-01
-2.029767261442979032e-01
-2.740215293244234185e-01
-2.207188498402565813e-01
-1.261497695852535905e+00
-3.294594852240219085e-01
-1.014954787234041866e+00
-1.699907857142852086e+00
-1.545413173652697036e+00
-1.757864691753402653e+00
-1.732877992277979562e+00
-1.926811158798278356e+00
-1.926811158798278356e+00
-2.266477434679338376e+00
-1.999223684210528429e+00
-1.732877992277979562e+00
-1.739398843930631378e+00
-1.743705630791180905e+00
-1.732877992277979562e+00
-1.441635547576298970e+00
-1.374499282639891407e+00
-1.509743438320207964e+00
-1.519313099041536663e+00
-1.509743438320207964e+00
-1.441635547576298970e+00
-1.259497084548104828e+00
-1.073370636550308621e+00
-1.041604395604397215e+00
-1.035173992673992682e+00
-1.001223787167451862e+00
2.438800685322692896e-01
2.562962962962974517e-02
-8.897294654497859279e-01
-1.032908203125002533e+00
-1.159059523809528924e+00
-9.168461538461537552e-01
-1.042917968749998980e+00
-1.042917968749998980e+00
-2.093883248730962487e-01
5.439491691104588605e-02
-5.010677966101695358e-01
-8.897294654497859279e-01
-4.575126821370670838e-01
-8.031873905429072202e-01
-8.905362318840576163e-01
-1.017440251572335308e+00
-8.803901273885391676e-01
-1.229898623279094272e+00
-1.088559006211181845e+00
-1.545413173652697036e+00
-1.380819780219785686e+00
-1.597649885583523721e+00
-1.417398625429551418e+00
-1.728158176943694668e+00
-1.768774859287053358e+00
-1.743705630791180905e+00
-2.087022556390979222e+00
-1.592042016806723748e+00
-1.757864691753402653e+00
-1.811111111111102678e+00
-1.728158176943694668e+00
-1.743705630791180905e+00
-1.811111111111102678e+00
-1.432555555555560023e+00
-1.592042016806723748e+00
-1.776117647058823579e+00
-1.545413173652697036e+00
-1.380819780219785686e+00
-3.687389210019286767e-01
-1.269671874999999117e+00
-1.564456076134702611e+00
-1.728158176943694668e+00
-1.700342304457522546e+00
-2.087022556390979222e+00
-1.700342304457522546e+00
-1.926811158798278356e+00
-1.757864691753402653e+00
-1.732877992277979562e+00
-1.675188059701496313e+00
-1.159059523809528924e+00
-2.759252336448597132e-01
-2.029767261442979032e-01
-2.207188498402565813e-01
-1.159059523809528924e+00
-2.689574769666914222e-01
-3.321374545454550131e-01
-1.417398625429551418e+00
-1.159059523809528924e+00
-7.091547511312229490e-01
-2.790070588235268878e-01
-2.689574769666914222e-01
-1.068418277680146744e+00
-1.255012875536481776e+00
-1.131921641791047595e+00
-1.001223787167451862e+00
-5.337236593059933032e-01
-8.031873905429072202e-01
-4.889745762711877330e-01
-8.335955204216005665e-01
-1.001223787167451862e+00
-3.577275280898882803e-01
-7.811877133105805671e-01
-1.001223787167451862e+00
-2.242185430463572715e-01
-7.575206611570244331e-01
-1.041604395604397215e+00
-1.024787985865723838e+00
-3.614460592509761150e-01
-2.740215293244234185e-01
-1.212807291666665899e+00
-1.254435374149659888e+00
-2.225362940275666279e+00
-2.168927480916029271e+00
-1.700342304457522546e+00
-1.675188059701496313e+00
-1.221223255813954189e+00
-1.017440251572335308e+00
-1.001223787167451862e+00
-1.519313099041536663e+00
-1.564456076134702611e+00
-1.017440251572335308e+00
-1.380819780219785686e+00
-1.159059523809528924e+00
-5.047233429394802906e-01
-4.575126821370670838e-01
-8.545684210526311997e-01
-9.429068181818166527e-01
-1.233145161290322811e+00
-1.221223255813954189e+00
-5.337236593059933032e-01
-1.145903623188402554e+00
-1.307844897959173691e+00
-1.437725714285714718e+00
-9.839093484419281221e-01
-1.601722047244084512e+00
-1.116193899782137455e+00
-1.675188059701496313e+00
-1.180800711743783316e+00
1.489295454545462305e-01
2.438800685322692896e-01
2.438800685322692896e-01
-1.041604395604397215e+00
-7.811877133105805671e-01
-1.933018867924523321e-01
5.439491691104588605e-02
-1.159059523809528924e+00
-2.296388384754983469e-01
-1.229898623279094272e+00
-1.041604395604397215e+00
-1.699907857142852086e+00
-9.839093484419281221e-01
-1.364042986425340498e+00
-1.364042986425340498e+00
-1.088559006211181845e+00
-1.088559006211181845e+00
5.439491691104588605e-02
2.438800685322692896e-01
-1.024787985865723838e+00
-4.889745762711877330e-01
-2.379591054313083820e-01
-1.221223255813954189e+00
-1.159059523809528924e+00
-1.382525925925927046e+00
-1.374499282639891407e+00
-9.260133333333339101e-01
-3.294594852240219085e-01
-1.014954787234041866e+00
-1.699907857142852086e+00
-1.417398625429551418e+00
-1.728158176943694668e+00
-1.768774859287053358e+00
-1.839016969696975590e+00
-1.803737354085619415e+00
-1.839016969696975590e+00
-2.235483394833939208e+00
-1.797759970457916578e+00
-1.803737354085619415e+00
-1.891146054181400915e+00
-2.066774999999994922e+00
-1.797759970457916578e+00
-1.743705630791180905e+00
-1.999223684210528429e+00
-1.592042016806723748e+00
-1.663411378555792242e+00
-1.601828571428565606e+00
-1.743705630791180905e+00
-1.159059523809528924e+00
-1.592042016806723748e+00
-1.380819780219785686e+00
-1.432555555555560023e+00
-1.699907857142852086e+00
-1.592042016806723748e+00
-1.592042016806723748e+00
-1.592042016806723748e+00
-1.417398625429551418e+00
-1.509743438320207964e+00
-1.663411378555792242e+00
-1.564456076134702611e+00
-1.042917968749998980e+00
-1.042917968749998980e+00
-6.325222929936322736e-01
-4.543653250773996288e-02
-1.161078355314202615e-01
-5.010677966101695358e-01
-1.068418277680146744e+00
-1.159059523809528924e+00
-1.564456076134702611e+00
-1.451765166340508006e+00
-1.374499282639891407e+00
-1.145903623188402554e+00
-1.159059523809528924e+00
-1.728158176943694668e+00
-2.087022556390979222e+00
-1.811111111111102678e+00
-1.743705630791180905e+00
-1.768774859287053358e+00
-1.523603911980439207e+00
